[app/install/install_source_checksum]
version = 6.4.1
modtime = 1467776345.643479000

[app/install/is_configured]
version = 6.4.1
modtime = 1467776345.809057000
